      1e+20 1.30785e+11 1.26402e+11 2.32535e+10     6.06665     14.0694      8.5703     9.49364     15.2456       4.348     11.8931      4.0995  7.9309e+20 1.99796e+21 6.38298e+20 5.52732e+20
8.49328e+10       1e+20  6.6246e+10 1.90372e+11     11.2554     4.15351     16.4806     5.29603     8.00461     5.56119      15.356     8.44211 1.07546e+21 5.14688e+20 7.69671e+20  1.9442e+21
1.58789e+11 3.69045e+10       1e+20 1.09939e+11     8.12893     9.36199     14.0002     4.56313     6.58905     16.1582     1.98684     18.3475 1.90924e+21 1.07457e+21 1.63468e+21  1.8142e+21
1.61704e+11 1.25324e+11 1.09615e+11       1e+20     15.4447     17.7214     18.3085     6.24846     5.41297     14.9204     3.99834     16.5742 1.84077e+21 1.69431e+21 1.84615e+21 1.71675e+21
1.83213e+11 1.30971e+10 1.03781e+11 4.65206e+10       1e+10     16.7548     10.1673     11.5724     12.1053     13.4747     19.9999     7.82281     16.8315     12.9601     9.95819     14.5297
4.75348e+10 5.61485e+10 1.94827e+11 1.36013e+11     13.6868       1e+10     5.10067     8.91352     5.64384     19.3807     4.88224     11.4972     18.5822      5.3536     12.2583     4.46856
7.36923e+10  3.6074e+10 6.55782e+10 1.79144e+11     11.1005      5.3504       1e+10     4.22253     3.89541     13.1497     17.9092     12.0092     17.5922     14.3118      18.942     12.8146
1.55964e+11 1.62794e+11 1.56558e+11 7.62897e+10     1.74633     17.9741     18.4824       1e+10     14.9108      15.435      3.3839     9.59894     16.7897     7.02048     9.56743     1.77642
6.27772e+10  3.9769e+10 1.10082e+11 2.21926e+10     9.31511     7.65684     3.80554     2.96025       1e+10     2.77613     19.9582     14.0604     19.6092     7.24676     7.39067     8.86569
1.15254e+11 8.61794e+10 1.56284e+11 1.38044e+10     18.7049     14.0467     17.7402     3.39543     16.0759       1e+10     2.02709     2.89316     15.1324     5.39713      17.106     14.2237
1.00705e+11 3.46602e+10 8.60434e+10 9.69633e+10     18.6854     19.1729     13.1805     10.4134     4.11794      10.884       1e+10     11.0854      18.164     2.40906     9.25575     13.8048
1.29485e+11 3.06737e+10 1.79391e+11 2.19882e+10     14.6981     12.1842     9.20711      15.449     15.1564     2.48641     2.37425       1e+10     19.6883     13.0284      1.0614     13.1152
 7.9309e+20 1.99796e+21 6.38298e+20 5.52732e+20 6.40157e+10 1.34888e+11 1.27723e+11 1.97103e+11 2.41607e+10 2.32822e+10 1.07907e+10 6.78161e+10       1e+20 5.24947e+10 7.55392e+10  7.5952e+10
1.07546e+21 5.14688e+20 7.69671e+20  1.9442e+21 1.50322e+11 1.73149e+11 6.34013e+10 1.87651e+11  1.9052e+11 4.88845e+10 1.85383e+11 1.98523e+11 1.04479e+11       1e+20 1.23711e+11 4.50783e+10
1.90924e+21 1.07457e+21 1.63468e+21  1.8142e+21 1.31596e+11 9.35164e+10  1.5934e+11 1.40045e+11 1.99806e+10 9.76699e+10  1.2284e+11 1.19625e+11 4.11539e+10  1.0703e+11       1e+20  1.2573e+11
1.84077e+21 1.69431e+21 1.84615e+21 1.71675e+21 7.72692e+10 1.85554e+11  6.8417e+10 8.28058e+10 1.09097e+11 1.65739e+11 4.42707e+10 1.76747e+11 1.67702e+11 1.94578e+11 5.44394e+10       1e+20
