      1e+20 1.30785e+11 1.26402e+11 2.32535e+10     7.06665     15.0694      9.5703     10.4936     16.2456       5.348     12.8931      5.0995  7.9309e+20 1.99796e+21 6.38298e+20 5.52732e+20
8.49328e+10       1e+20  6.6246e+10 1.90372e+11     12.2554     5.15351     17.4806     6.29603     9.00461     6.56119      16.356     9.44211 1.07546e+21 5.14688e+20 7.69671e+20  1.9442e+21
1.58789e+11 3.69045e+10       1e+20 1.09939e+11     9.12893      10.362     15.0002     5.56313     7.58905     17.1582     2.98684     19.3475 1.90924e+21 1.07457e+21 1.63468e+21  1.8142e+21
1.61704e+11 1.25324e+11 1.09615e+11       1e+20     16.4447     18.7214     19.3085     7.24846     6.41297     15.9204     4.99834     17.5742 1.84077e+21 1.69431e+21 1.84615e+21 1.71675e+21
1.83213e+11 1.30971e+10 1.03781e+11 4.65206e+10       1e+10     17.7548     11.1673     12.5724     13.1053     14.4747     20.9999     8.82281     17.8315     13.9601     10.9582     15.5297
4.75348e+10 5.61485e+10 1.94827e+11 1.36013e+11     14.6868       1e+10     6.10067     9.91352     6.64384     20.3807     5.88224     12.4972     19.5822      6.3536     13.2583     5.46856
7.36923e+10  3.6074e+10 6.55782e+10 1.79144e+11     12.1005      6.3504       1e+10     5.22253     4.89541     14.1497     18.9092     13.0092     18.5922     15.3118      19.942     13.8146
1.55964e+11 1.62794e+11 1.56558e+11 7.62897e+10     2.74633     18.9741     19.4824       1e+10     15.9108      16.435      4.3839     10.5989     17.7897     8.02048     10.5674     2.77642
6.27772e+10  3.9769e+10 1.10082e+11 2.21926e+10     10.3151     8.65684     4.80554     3.96025       1e+10     3.77613     20.9582     15.0604     20.6092     8.24676     8.39067     9.86569
1.15254e+11 8.61794e+10 1.56284e+11 1.38044e+10     19.7049     15.0467     18.7402     4.39543     17.0759       1e+10     3.02709     3.89316     16.1324     6.39713      18.106     15.2237
1.00705e+11 3.46602e+10 8.60434e+10 9.69633e+10     19.6854     20.1729     14.1805     11.4134     5.11794      11.884       1e+10     12.0854      19.164     3.40906     10.2558     14.8048
1.29485e+11 3.06737e+10 1.79391e+11 2.19882e+10     15.6981     13.1842     10.2071      16.449     16.1564     3.48641     3.37425       1e+10     20.6883     14.0284      2.0614     14.1152
 7.9309e+20 1.99796e+21 6.38298e+20 5.52732e+20 6.40157e+10 1.34888e+11 1.27723e+11 1.97103e+11 2.41607e+10 2.32822e+10 1.07907e+10 6.78161e+10       1e+20 5.24947e+10 7.55392e+10  7.5952e+10
1.07546e+21 5.14688e+20 7.69671e+20  1.9442e+21 1.50322e+11 1.73149e+11 6.34013e+10 1.87651e+11  1.9052e+11 4.88845e+10 1.85383e+11 1.98523e+11 1.04479e+11       1e+20 1.23711e+11 4.50783e+10
1.90924e+21 1.07457e+21 1.63468e+21  1.8142e+21 1.31596e+11 9.35164e+10  1.5934e+11 1.40045e+11 1.99806e+10 9.76699e+10  1.2284e+11 1.19625e+11 4.11539e+10  1.0703e+11       1e+20  1.2573e+11
1.84077e+21 1.69431e+21 1.84615e+21 1.71675e+21 7.72692e+10 1.85554e+11  6.8417e+10 8.28058e+10 1.09097e+11 1.65739e+11 4.42707e+10 1.76747e+11 1.67702e+11 1.94578e+11 5.44394e+10       1e+20
